0 0.51640625 0.0671875 0.0484375 0.04296875
0 0.39296875 0.71796875 0.1421875 0.134375
0 0.31015625 0.0796875 0.01875 0.025
0 0.88671875 0.81875 0.01875 0.02578125
0 0.60234375 0.8328125 0.23984375 0.32109375
0 0.89609375 0.8625 0.0203125 0.028125
0 0.34296875 0.890625 0.20234375 0.21015625
0 0.88125 0.89296875 0.0171875 0.02265625
0 0.946875 0.89375 0.03671875 0.04453125
0 0.1796875 0.10390625 0.16640625 0.20390625
0 0.03828125 0.16640625 0.03984375 0.0546875
0 0.934375 0.2015625 0.12421875 0.146875
0 0.1359375 0.221875 0.03828125 0.04921875
0 0.61328125 0.25 0.02734375 0.03671875
0 0.16015625 0.29375 0.03671875 0.04453125
0 0.68046875 0.0375 0.0453125 0.0578125
0 0.52109375 0.41171875 0.05625 0.07421875
0 0.31953125 0.43515625 0.12265625 0.1453125
0 0.77265625 0.47734375 0.13671875 0.16015625
0 0.0875 0.5625 0.0796875 0.096875
0 0.47578125 0.0609375 0.04453125 0.05625
0 0.16640625 0.64140625 0.0578125 0.0796875
0 0.125 0.6484375 0.0296875 0.034375