0 0.8546875 0.61015625 0.2796875 0.2625
0 0.34453125 0.0625 0.128125 0.115625
0 0.2125 0.77890625 0.1453125 0.1390625
0 0.57421875 0.79453125 0.06953125 0.07265625
0 0.84140625 0.8578125 0.14765625 0.1390625
0 0.5796875 0.86875 0.04453125 0.040625
0 0.29921875 0.88671875 0.16484375 0.16796875
0 0.93984375 0.9359375 0.1171875 0.090625
0 0.590625 0.13203125 0.0484375 0.0546875
0 0.25859375 0.22109375 0.08359375 0.0859375
0 0.4375 0.284375 0.04296875 0.0453125
0 0.2734375 0.31015625 0.059375 0.0640625
0 0.68671875 0.31875 0.078125 0.078125
0 0.0984375 0.33671875 0.16640625 0.1484375
0 0.50859375 0.5140625 0.2265625 0.19765625
0 0.1296875 0.51484375 0.12421875 0.12734375
0 0.2390625 0.5234375 0.07421875 0.07578125