0 0.278125 0.67109375 0.109375 0.12265625
0 0.665625 0.69609375 0.0953125 0.1
0 0.34375 0.7640625 0.12109375 0.1171875
0 0.06171875 0.76796875 0.0453125 0.05546875
0 0.259375 0.86015625 0.25234375 0.21328125
0 0.86328125 0.871875 0.2640625 0.24375
0 0.54765625 0.10078125 0.13203125 0.09765625
0 0.6078125 0.2640625 0.08828125 0.10546875
0 0.75859375 0.34296875 0.07265625 0.0671875
0 0.18984375 0.3765625 0.26640625 0.265625
0 0.39140625 0.04296875 0.084375 0.0671875
0 0.3921875 0.46875 0.13515625 0.13046875
0 0.0578125 0.47109375 0.08671875 0.08828125
0 0.5390625 0.5453125 0.12109375 0.12421875