0 0.14375 0.0734375 0.15625 0.146875
0 0.67109375 0.7796875 0.24140625 0.2265625
0 0.4984375 0.07890625 0.0921875 0.090625
0 0.85390625 0.08125 0.0578125 0.06328125
0 0.2890625 0.8453125 0.22890625 0.221875
0 0.24453125 0.1640625 0.0796875 0.0875
0 0.840625 0.165625 0.02734375 0.040625
0 0.521875 0.23359375 0.04609375 0.040625
0 0.3171875 0.25 0.08984375 0.11171875
0 0.940625 0.29609375 0.11015625 0.115625
0 0.5984375 0.315625 0.05234375 0.05234375
0 0.1859375 0.37734375 0.0765625 0.065625
0 0.259375 0.384375 0.05390625 0.04296875
0 0.0640625 0.38671875 0.10625 0.10625
0 0.5015625 0.3921875 0.04609375 0.0359375
0 0.7421875 0.45546875 0.06328125 0.08125
0 0.625 0.4609375 0.0390625 0.0421875
0 0.34453125 0.4890625 0.04765625 0.05625
0 0.8875 0.49609375 0.06328125 0.06328125
0 0.2109375 0.53125 0.05390625 0.07890625
0 0.83125 0.5453125 0.06953125 0.0703125
0 0.9046875 0.6734375 0.0375 0.05