0 0.15 0.81640625 0.14375 0.14140625
0 0.153125 0.08515625 0.06484375 0.065625
0 0.2640625 0.85 0.1171875 0.12578125
0 0.6703125 0.909375 0.08671875 0.1
0 0.71640625 0.93828125 0.05703125 0.0671875
0 0.53515625 0.9703125 0.08125 0.05859375
0 0.3265625 0.13046875 0.01015625 0.0234375
0 0.46484375 0.13515625 0.16796875 0.1890625
0 0.17265625 0.17265625 0.12109375 0.08984375
0 0.046875 0.1953125 0.01484375 0.01953125
0 0.290625 0.196875 0.00703125 0.015625
0 0.3125 0.2046875 0.02421875 0.03125
0 0.08671875 0.21640625 0.009375 0.0140625
0 0.7125 0.21796875 0.19921875 0.23515625
0 0.85234375 0.26640625 0.2125 0.25703125
0 0.68828125 0.02890625 0.0703125 0.05390625
0 0.49765625 0.31484375 0.1328125 0.1484375
0 0.21640625 0.04296875 0.025 0.0359375
0 0.15546875 0.44375 0.0203125 0.0203125
0 0.0765625 0.44921875 0.021875 0.02578125
0 0.0796875 0.49609375 0.01328125 0.02421875
0 0.8328125 0.525 0.078125 0.1125
0 0.06640625 0.53671875 0.01171875 0.0140625
0 0.628125 0.590625 0.309375 0.34609375
0 0.11875 0.59921875 0.01015625 0.015625
0 0.15546875 0.60625 0.0578125 0.075
0 0.9359375 0.68671875 0.075 0.0765625
0 0.11171875 0.70703125 0.11015625 0.11796875
0 0.2921875 0.7578125 0.12890625 0.1046875