0 0.4046875 0.8421875 0.1015625 0.1265625
0 0.6609375 0.88203125 0.01796875 0.03359375
0 0.43984375 0.925 0.10625 0.14296875
0 0.02421875 0.928125 0.03671875 0.04609375
0 0.86328125 0.9296875 0.09140625 0.1015625
0 0.18046875 0.934375 0.0421875 0.0640625
0 0.640625 0.103125 0.07265625 0.078125
0 0.74296875 0.12421875 0.10078125 0.12109375
0 0.14921875 0.1359375 0.08125 0.0671875
0 0.89296875 0.19609375 0.0296875 0.03828125
0 0.446875 0.021875 0.06484375 0.04375
0 0.73203125 0.02421875 0.053125 0.0484375
0 0.45703125 0.25703125 0.04609375 0.07109375
0 0.70078125 0.26953125 0.06640625 0.09609375
0 0.52578125 0.3390625 0.1203125 0.1734375
0 0.73046875 0.378125 0.05390625 0.075
0 0.8390625 0.3875 0.07421875 0.10546875
0 0.28515625 0.41640625 0.0359375 0.059375
0 0.2328125 0.425 0.01953125 0.034375
0 0.37109375 0.4453125 0.02109375 0.03203125
0 0.1875 0.465625 0.04375 0.0578125
0 0.5015625 0.4703125 0.10078125 0.128125
0 0.32890625 0.52890625 0.0546875 0.06953125
0 0.6625 0.57578125 0.059375 0.07109375
0 0.0359375 0.578125 0.028125 0.04375
0 0.59375 0.59765625 0.01796875 0.021875
0 0.1765625 0.61640625 0.08359375 0.109375
0 0.190625 0.65625 0.35625 0.4765625
0 0.53359375 0.6609375 0.03125 0.04765625
0 0.85 0.66953125 0.203125 0.26171875
0 0.70546875 0.721875 0.04296875 0.0515625
0 0.97578125 0.7234375 0.046875 0.11875
0 0.46875 0.72421875 0.02890625 0.0359375
0 0.47109375 0.725 0.03125 0.04609375