0 0.0625 0.66328125 0.10859375 0.121875
0 0.971875 0.6703125 0.05546875 0.0921875
0 0.68984375 0.06796875 0.04453125 0.05078125
0 0.84609375 0.6953125 0.0734375 0.0765625
0 0.88359375 0.81171875 0.04609375 0.04296875
0 0.31640625 0.825 0.3546875 0.33203125
0 0.7078125 0.8484375 0.04453125 0.05078125
0 0.8609375 0.9578125 0.059375 0.05078125
0 0.49921875 0.1359375 0.21015625 0.20234375
0 0.8671875 0.17578125 0.04609375 0.04453125
0 0.36171875 0.2421875 0.07734375 0.08671875
0 0.8375 0.271875 0.0375 0.04453125
0 0.26796875 0.02734375 0.0734375 0.0546875
0 0.0359375 0.29921875 0.0484375 0.0421875
0 0.2546875 0.36875 0.24921875 0.21015625
0 0.884375 0.48359375 0.19765625 0.2
0 0.72890625 0.5046875 0.14453125 0.16171875
0 0.4234375 0.528125 0.13046875 0.14375