0 0.0484375 0.0734375 0.075 0.10859375
0 0.40859375 0.075 0.01875 0.0234375
0 0.2859375 0.7671875 0.0515625 0.0765625
0 0.31484375 0.76796875 0.0359375 0.0453125
0 0.9109375 0.79140625 0.04296875 0.0578125
0 0.1453125 0.8453125 0.084375 0.11796875
0 0.3546875 0.08515625 0.021875 0.02578125
0 0.27109375 0.91796875 0.11640625 0.1625
0 0.396875 0.934375 0.0796875 0.10859375
0 0.23828125 0.09453125 0.05859375 0.0640625
0 0.3421875 0.953125 0.053125 0.06015625
0 0.46953125 0.95625 0.02890625 0.040625
0 0.02734375 0.95859375 0.0359375 0.0453125
0 0.15625 0.10859375 0.04296875 0.0578125
0 0.5546875 0.128125 0.140625 0.1796875
0 0.83515625 0.1671875 0.02578125 0.0359375
0 0.4046875 0.17421875 0.053125 0.09375
0 0.57265625 0.175 0.04453125 0.07109375
0 0.66875 0.190625 0.19921875 0.37734375
0 0.78203125 0.27578125 0.07421875 0.09375
0 0.35 0.278125 0.128125 0.1484375
0 0.196875 0.28125 0.04765625 0.06171875
0 0.08515625 0.30859375 0.10625 0.10859375
0 0.91953125 0.346875 0.021875 0.040625
0 0.5828125 0.375 0.1890625 0.22578125
0 0.7875 0.38828125 0.16796875 0.1609375
0 0.09765625 0.44296875 0.0171875 0.0234375
0 0.30546875 0.4578125 0.053125 0.06953125
0 0.22421875 0.48828125 0.03984375 0.05234375
0 0.4171875 0.50390625 0.0359375 0.05078125
0 0.10234375 0.5046875 0.02890625 0.03828125
0 0.7875 0.5046875 0.0859375 0.10078125
0 0.646875 0.05234375 0.084375 0.10078125
0 0.2921875 0.54609375 0.078125 0.10078125
0 0.3828125 0.5625 0.04453125 0.06171875
0 0.4640625 0.57578125 0.05703125 0.08359375
0 0.54375 0.57734375 0.0390625 0.06171875
0 0.27734375 0.62734375 0.09296875 0.096875
0 0.38828125 0.69140625 0.03046875 0.040625