0 0.17890625 0.81640625 0.15859375 0.209375
0 0.9609375 0.89765625 0.05625 0.0859375
0 0.93671875 0.1015625 0.03359375 0.04921875
0 0.08984375 0.10390625 0.05625 0.065625
0 0.43671875 0.221875 0.1546875 0.2125
0 0.13046875 0.24375 0.13828125 0.184375
0 0.31640625 0.3453125 0.0671875 0.084375
0 0.8015625 0.40859375 0.05390625 0.07421875
0 0.53671875 0.41640625 0.04921875 0.07109375
0 0.29296875 0.43125 0.0578125 0.07421875
0 0.73984375 0.5359375 0.071875 0.096875
0 0.546875 0.57421875 0.05390625 0.08203125
0 0.64296875 0.64140625 0.10703125 0.14375