0 0.74453125 0.071875 0.1578125 0.14375
0 0.42421875 0.73359375 0.0609375 0.06875
0 0.93984375 0.76171875 0.11953125 0.20703125
0 0.39765625 0.79609375 0.04453125 0.06484375
0 0.05546875 0.8484375 0.1109375 0.20625
0 0.6734375 0.87734375 0.15078125 0.19296875
0 0.47734375 0.2015625 0.03828125 0.05625
0 0.16796875 0.22578125 0.06953125 0.10859375
0 0.3859375 0.2375 0.053125 0.07578125
0 0.9796875 0.25390625 0.02734375 0.0421875
0 0.5890625 0.259375 0.0390625 0.0515625
0 0.17578125 0.384375 0.071875 0.10546875
0 0.6734375 0.4078125 0.0859375 0.11796875
0 0.2609375 0.4703125 0.0671875 0.08515625
0 0.91640625 0.48125 0.13046875 0.175
0 0.528125 0.50859375 0.0953125 0.1359375
0 0.95859375 0.5890625 0.08203125 0.109375
0 0.24921875 0.06171875 0.04453125 0.05546875
0 0.27890625 0.6234375 0.16953125 0.2109375