0 0.3890625 0.46796875 0.02421875 0.0390625
0 0.58046875 0.509375 0.0296875 0.03125
0 0.5765625 0.59921875 0.4953125 0.69765625
0 0.22109375 0.640625 0.04296875 0.05390625
0 0.25859375 0.7609375 0.03046875 0.04609375
0 0.09296875 0.7828125 0.01875 0.02109375
0 0.465625 0.08125 0.0296875 0.0421875
0 0.503125 0.08359375 0.0296875 0.0359375
0 0.7734375 0.86484375 0.015625 0.02265625
0 0.38359375 0.9015625 0.0328125 0.0328125
0 0.440625 0.175 0.01640625 0.028125
0 0.7796875 0.234375 0.02109375 0.03828125
0 0.7015625 0.321875 0.025 0.0359375
0 0.9359375 0.35390625 0.03984375 0.05390625