0 0.08203125 0.1421875 0.021875 0.02734375
0 0.25625 0.19375 0.01875 0.02734375
0 0.10625 0.21171875 0.01875 0.025
0 0.09296875 0.27109375 0.0125 0.015625
0 0.09140625 0.2859375 0.0125 0.0171875
0 0.71015625 0.3109375 0.01640625 0.01953125
0 0.6765625 0.33046875 0.01875 0.02109375
0 0.31328125 0.3484375 0.01484375 0.021875
0 0.703125 0.40703125 0.0171875 0.021875
0 0.18203125 0.5765625 0.028125 0.0296875
0 0.3625 0.59453125 0.02421875 0.025
0 0.2 0.63125 0.0171875 0.021875
0 0.24921875 0.63671875 0.01640625 0.0234375
0 0.75703125 0.66171875 0.01875 0.0234375
0 0.89921875 0.709375 0.03984375 0.040625
0 0.8796875 0.75 0.02421875 0.02578125