0 0.74609375 0.16640625 0.053125 0.07265625
0 0.18125 0.2171875 0.053125 0.08359375
0 0.06953125 0.21953125 0.05 0.08203125
0 0.4109375 0.2359375 0.053125 0.08203125
0 0.3046875 0.23984375 0.0453125 0.0625
0 0.96796875 0.2515625 0.0625 0.09921875
0 0.89921875 0.35 0.03828125 0.05703125
0 0.459375 0.3515625 0.03828125 0.07265625
0 0.24140625 0.0375 0.053125 0.07421875
0 0.95 0.375 0.03125 0.07265625
0 0.0890625 0.4984375 0.046875 0.084375
0 0.76640625 0.5296875 0.084375 0.12734375
0 0.8953125 0.5296875 0.0671875 0.1015625
0 0.91953125 0.05625 0.04765625 0.0796875
0 0.49140625 0.57734375 0.0921875 0.11875
0 0.2359375 0.6078125 0.04765625 0.08828125
0 0.25859375 0.834375 0.05625 0.07578125
0 0.153125 0.871875 0.0578125 0.084375
0 0.74140625 0.88125 0.075 0.08203125
0 0.29375 0.9109375 0.0578125 0.071875
0 0.83828125 0.96171875 0.05390625 0.07421875
0 0.6546875 0.12109375 0.05078125 0.07265625