0 0.88203125 0.759375 0.1046875 0.21328125
0 0.25390625 0.81484375 0.04296875 0.08671875
0 0.63515625 0.95234375 0.03203125 0.07109375
0 0.57734375 0.1140625 0.0359375 0.0703125
0 0.85 0.14609375 0.0984375 0.1953125
0 0.12734375 0.2078125 0.07421875 0.14609375
0 0.0859375 0.23671875 0.05234375 0.09453125
0 0.30703125 0.27578125 0.090625 0.17890625
0 0.09296875 0.3234375 0.0796875 0.134375
0 0.46953125 0.325 0.04609375 0.08828125
0 0.890625 0.41796875 0.10703125 0.15390625
0 0.68515625 0.5390625 0.03125 0.075