0 0.440625 0.2484375 0.040625 0.046875
0 0.44296875 0.303125 0.02265625 0.03359375
0 0.51484375 0.31796875 0.02421875 0.04140625
0 0.471875 0.325 0.0171875 0.02734375
0 0.41796875 0.47578125 0.02734375 0.03515625
0 0.3453125 0.49453125 0.0359375 0.04453125
0 0.40703125 0.5359375 0.01875 0.021875
0 0.36796875 0.546875 0.0171875 0.03125
0 0.44453125 0.57734375 0.021875 0.03515625
0 0.6796875 0.5921875 0.1015625 0.16015625
0 0.4078125 0.69765625 0.02734375 0.04140625
0 0.50625 0.78984375 0.01953125 0.02734375
0 0.32421875 0.903125 0.02734375 0.04296875
0 0.4390625 0.9828125 0.0296875 0.03125