0 0.63515625 0.13828125 0.03046875 0.053125
0 0.5890625 0.2078125 0.0265625 0.0453125
0 0.6703125 0.021875 0.04921875 0.04296875
0 0.05390625 0.42890625 0.04375 0.08125
0 0.77890625 0.5 0.01953125 0.0453125
0 0.85859375 0.51640625 0.025 0.04296875
0 0.525 0.6078125 0.06640625 0.109375
0 0.40703125 0.6421875 0.0234375 0.040625
0 0.71171875 0.75390625 0.028125 0.05546875
0 0.78984375 0.75625 0.02109375 0.05078125
0 0.65234375 0.07890625 0.04609375 0.08125
0 0.61328125 0.85625 0.03046875 0.06328125