0 0.25078125 0.1859375 0.0421875 0.05
0 0.1328125 0.2234375 0.03671875 0.04453125
0 0.646875 0.34375 0.06640625 0.06640625
0 0.646875 0.42109375 0.103125 0.10703125
0 0.53046875 0.4609375 0.040625 0.04609375
0 0.18515625 0.4859375 0.0703125 0.08515625
0 0.61796875 0.6828125 0.19375 0.2125
0 0.09296875 0.7578125 0.03125 0.03671875
0 0.92109375 0.7625 0.0421875 0.05
0 0.38828125 0.83359375 0.10703125 0.11484375
0 0.05703125 0.8578125 0.059375 0.0703125
0 0.246875 0.859375 0.03515625 0.03671875
0 0.29453125 0.87421875 0.04609375 0.05546875
0 0.64765625 0.92890625 0.09765625 0.1125
0 0.5046875 0.096875 0.15859375 0.1828125
0 0.63125 0.13984375 0.03515625 0.0390625
0 0.7078125 0.146875 0.0484375 0.05390625