0 0.3015625 0.0171875 0.01953125 0.025
0 0.253125 0.271875 0.0203125 0.03671875
0 0.5296875 0.40703125 0.0546875 0.0765625
0 0.303125 0.04609375 0.02265625 0.025
0 0.39765625 0.5484375 0.02265625 0.0296875
0 0.934375 0.5828125 0.02734375 0.03515625
0 0.87578125 0.6390625 0.02265625 0.0328125
0 0.3984375 0.7203125 0.0234375 0.0296875
0 0.39921875 0.7625 0.0265625 0.0328125
0 0.17265625 0.08046875 0.0203125 0.02578125
0 0.1921875 0.08515625 0.0125 0.021875
0 0.5875 0.8578125 0.01640625 0.0234375
0 0.22109375 0.92578125 0.0890625 0.11171875