0 0.396875 0.50703125 0.03359375 0.0296875
0 0.80625 0.603125 0.06796875 0.0609375
0 0.22734375 0.6046875 0.06328125 0.0546875
0 0.09453125 0.6296875 0.0359375 0.03359375
0 0.584375 0.065625 0.0296875 0.02578125
0 0.740625 0.0765625 0.03046875 0.02109375
0 0.34296875 0.8546875 0.06015625 0.0640625
0 0.64453125 0.0921875 0.03984375 0.03828125
0 0.84140625 0.10703125 0.04765625 0.0375
0 0.79296875 0.12109375 0.02578125 0.025
0 0.7875 0.16171875 0.0390625 0.034375
0 0.41875 0.16875 0.06171875 0.06328125
0 0.35390625 0.19140625 0.04375 0.040625
0 0.3421875 0.24140625 0.0515625 0.05078125
0 0.696875 0.27109375 0.02421875 0.02890625
0 0.6171875 0.275 0.040625 0.046875
0 0.5484375 0.2765625 0.0328125 0.02734375
0 0.26484375 0.28046875 0.04609375 0.04609375
0 0.525 0.34765625 0.03515625 0.03046875
0 0.696875 0.35234375 0.046875 0.04296875
0 0.175 0.35234375 0.059375 0.05390625
0 0.8875 0.3671875 0.04375 0.04453125
0 0.759375 0.040625 0.03046875 0.0171875
0 0.1984375 0.41875 0.0390625 0.03828125
0 0.7921875 0.428125 0.0640625 0.059375
0 0.90546875 0.45390625 0.03828125 0.0390625
0 0.7859375 0.47265625 0.0453125 0.04296875
0 0.4703125 0.48828125 0.09453125 0.08125